l,0.5,1,0.0
l,0.5,60,0.0
h,0.5,1,94.5
h,0.5,60,93.85
l,1,1,0.0
l,1,60,0.0
h,1,1,89.025
h,1,60,88.2875
l,1.5,1,0.0
l,1.5,60,0.0
h,1.5,1,83.55
h,1.5,60,82.8125
l,2,1,0.0
l,2,60,0.0
h,2,1,78.075
h,2,60,77.3375
l,2.5,1,0.0
l,2.5,60,0.0
h,2.5,1,72.6
h,2.5,60,71.8625
l,3,1,0.0
l,3,60,0.0
h,3,1,67.125
h,3,60,66.3875
l,3.5,1,0.0
l,3.5,60,0.0
h,3.5,1,61.6375
h,3.5,60,60.9
l,4,1,0.0
l,4,60,0.0
h,4,1,56.1625
h,4,60,55.425000000000004
l,4.5,1,0.0
l,4.5,60,0.0
h,4.5,1,50.6875
h,4.5,60,49.95
l,5,1,0.0
l,5,60,0.0
h,5,1,45.2125
h,5,60,44.474999999999994
l,5.5,1,0.0
l,5.5,60,0.0
h,5.5,1,39.7375
h,5.5,60,39.0
l,6.5,1,0.0
l,6.5,60,0.0
h,6.5,1,28.775000000000002
h,6.5,60,28.037499999999998
l,7,1,0.0
l,7,60,0.0
h,7,1,23.3
h,7,60,22.5625
l,7.5,1,0.0
l,7.5,60,0.0
h,7.5,1,17.825
h,7.5,60,17.0875
l,8,1,0.0
l,8,60,0.0
h,8,1,12.35
h,8,60,11.6125
l,8.5,1,0.0
l,8.5,60,0.0
h,8.5,1,6.875000000000001
h,8.5,60,6.1375
l,9,1,0.0
l,9,60,0.0
h,9,1,1.4000000000000001
h,9,60,0.6625
l,9.5,1,0.0
l,9.5,60,0.0
h,9.5,1,0.0
h,9.5,60,0.0
l,10,1,0.0
l,10,60,0.0
h,10,1,0.0
h,10,60,0.0
l,10.5,1,0.0
l,10.5,60,0.0
h,10.5,1,0.0
h,10.5,60,0.0
l,11,1,0.0
l,11,60,0.0
h,11,1,0.0
h,11,60,0.0
